[Basic]
ID={78C9-0636-5F5E}
PicCenter=1
Type=0

[Brush]
Color=16777215
Style=0

[Pen]
Color=8388608
Style=0
Width=1

[Size]
Width=130
Height=90

[Inputs]
Count=2
Name1=ADC_Heatsink
Format1=0
Prop1=012
Name2=ADC_CPU
Format2=0
Prop2=012

[Outputs]
Count=2
Name1=T_HeatSink
Format1=6
Prop1=012
Name2=T_CPU
Format2=6
Prop2=012

[Params]
Count=4
Name1=k
Value1=0
Format1=6
Editor1=1
Type1=2
Prec1=10
Min1=-33554431.9840000011
Max1=33554431.9840000011
Prop1=
Str1Count=0
Name2=b
Value2=0
Format2=6
Editor2=1
Type2=2
Prec2=10
Min2=-33554431.9840000011
Max2=33554431.9840000011
Prop2=
Str2Count=0
Name3=k1
Value3=0
Format3=6
Editor3=1
Type3=2
Prec3=10
Min3=-33554431.9840000011
Max3=33554431.9840000011
Prop3=
Str3Count=0
Name4=b1
Value4=0
Format4=6
Editor4=1
Type4=2
Prec4=10
Min4=-33554431.9840000011
Max4=33554431.9840000011
Prop4=
Str4Count=0


